# Baseline created by scripts/perf/gate.sh
APPLY_FILTER_FLAT_NS=540981.3518569293
APPLY_FILTER_GROUPED_NS=16797334.54156161
RENDER_FRAME_MAIN_NS=192743.85
INDEX_CACHE_LOAD_VALIDATE_NS=25844.398979520556
RELEASE_DIST_BYTES=9631024
RELEASE_DIST_MAX_BYTES=10594126
